
DETflux = [
    1    1    1    1     1     1     1    1    1    1  0.00000E+00 0.00000 
    2    2    1    1     1     1     1    1    1    1  0.00000E+00 0.00000 
    3    3    1    1     1     1     1    1    1    1  6.83431E-07 0.72910 
    4    4    1    1     1     1     1    1    1    1  0.00000E+00 0.00000 
    5    5    1    1     1     1     1    1    1    1  2.89180E-06 0.44275 
    6    6    1    1     1     1     1    1    1    1  5.55535E-06 0.42070 
    7    7    1    1     1     1     1    1    1    1  2.51410E-06 0.59598 
    8    8    1    1     1     1     1    1    1    1  1.99386E-05 0.27692 
    9    9    1    1     1     1     1    1    1    1  8.68772E-06 0.33417 
   10   10    1    1     1     1     1    1    1    1  3.79237E-05 0.16817 
   11   11    1    1     1     1     1    1    1    1  2.20618E-04 0.08664 
   12   12    1    1     1     1     1    1    1    1  3.21568E-04 0.07513 
   13   13    1    1     1     1     1    1    1    1  7.45434E-04 0.04916 
   14   14    1    1     1     1     1    1    1    1  1.87649E-03 0.03130 
   15   15    1    1     1     1     1    1    1    1  5.36743E-03 0.01951 
   16   16    1    1     1     1     1    1    1    1  1.40444E-02 0.01196 
   17   17    1    1     1     1     1    1    1    1  3.93336E-02 0.00716 
   18   18    1    1     1     1     1    1    1    1  1.12503E-01 0.00441 
   19   19    1    1     1     1     1    1    1    1  3.09982E-01 0.00269 
   20   20    1    1     1     1     1    1    1    1  8.18787E-01 0.00160 
   21   21    1    1     1     1     1    1    1    1  1.92161E+00 0.00104 
   22   22    1    1     1     1     1    1    1    1  3.12089E+00 0.00076 
   23   23    1    1     1     1     1    1    1    1  4.11290E+00 0.00057 
   24   24    1    1     1     1     1    1    1    1  5.49516E+00 0.00046 
   25   25    1    1     1     1     1    1    1    1  7.04782E+00 0.00041 
   26   26    1    1     1     1     1    1    1    1  7.90322E+00 0.00041 
   27   27    1    1     1     1     1    1    1    1  6.36125E+00 0.00047 
   28   28    1    1     1     1     1    1    1    1  3.19699E+00 0.00054 
   29   29    1    1     1     1     1    1    1    1  1.93251E+00 0.00055 
   30   30    1    1     1     1     1    1    1    1  1.43241E+00 0.00060 
   31   31    1    1     1     1     1    1    1    1  7.52878E-01 0.00086 
   32   32    1    1     1     1     1    1    1    1  1.70678E-01 0.00186 
   33   33    1    1     1     1     1    1    1    1  9.69942E-03 0.00776 
];


DETfluxE = [
 1.00001E-11  1.00000E-07  5.00050E-08
 1.00000E-07  5.40000E-07  3.20000E-07
 5.40000E-07  4.00000E-06  2.27000E-06
 4.00000E-06  8.31529E-06  6.15764E-06
 8.31529E-06  1.37096E-05  1.10124E-05
 1.37096E-05  2.26033E-05  1.81564E-05
 2.26033E-05  4.01690E-05  3.13861E-05
 4.01690E-05  6.79040E-05  5.40365E-05
 6.79040E-05  9.16609E-05  7.97825E-05
 9.16609E-05  1.48625E-04  1.20143E-04
 1.48625E-04  3.04325E-04  2.26475E-04
 3.04325E-04  4.53999E-04  3.79162E-04
 4.53999E-04  7.48518E-04  6.01259E-04
 7.48518E-04  1.23410E-03  9.91308E-04
 1.23410E-03  2.03468E-03  1.63439E-03
 2.03468E-03  3.35463E-03  2.69465E-03
 3.35463E-03  5.53084E-03  4.44273E-03
 5.53084E-03  9.11882E-03  7.32483E-03
 9.11882E-03  1.50344E-02  1.20766E-02
 1.50344E-02  2.47875E-02  1.99110E-02
 2.47875E-02  4.08677E-02  3.28276E-02
 4.08677E-02  6.73795E-02  5.41236E-02
 6.73795E-02  1.11090E-01  8.92347E-02
 1.11090E-01  1.83156E-01  1.47123E-01
 1.83156E-01  3.01974E-01  2.42565E-01
 3.01974E-01  4.97871E-01  3.99922E-01
 4.97871E-01  8.20850E-01  6.59360E-01
 8.20850E-01  1.35335E+00  1.08710E+00
 1.35335E+00  2.23130E+00  1.79233E+00
 2.23130E+00  3.67879E+00  2.95505E+00
 3.67879E+00  6.06531E+00  4.87205E+00
 6.06531E+00  1.00000E+01  8.03265E+00
 1.00000E+01  1.96403E+01  1.48202E+01
];
