
DETflux = [
    1    1    1    1     1     1     1    1    1    1  0.00000E+00 0.00000 
    2    2    1    1     1     1     1    1    1    1  0.00000E+00 0.00000 
    3    3    1    1     1     1     1    1    1    1  0.00000E+00 0.00000 
    4    4    1    1     1     1     1    1    1    1  2.30224E-06 0.57395 
    5    5    1    1     1     1     1    1    1    1  1.29160E-06 0.67685 
    6    6    1    1     1     1     1    1    1    1  2.30704E-06 0.55339 
    7    7    1    1     1     1     1    1    1    1  9.58402E-06 0.34341 
    8    8    1    1     1     1     1    1    1    1  1.81935E-05 0.32774 
    9    9    1    1     1     1     1    1    1    1  1.46892E-05 0.24846 
   10   10    1    1     1     1     1    1    1    1  5.49573E-05 0.14312 
   11   11    1    1     1     1     1    1    1    1  2.50268E-04 0.08213 
   12   12    1    1     1     1     1    1    1    1  3.59528E-04 0.07144 
   13   13    1    1     1     1     1    1    1    1  8.13036E-04 0.04879 
   14   14    1    1     1     1     1    1    1    1  2.18420E-03 0.02944 
   15   15    1    1     1     1     1    1    1    1  6.58990E-03 0.01855 
   16   16    1    1     1     1     1    1    1    1  1.64964E-02 0.01122 
   17   17    1    1     1     1     1    1    1    1  4.70446E-02 0.00678 
   18   18    1    1     1     1     1    1    1    1  1.34962E-01 0.00406 
   19   19    1    1     1     1     1    1    1    1  3.69419E-01 0.00246 
   20   20    1    1     1     1     1    1    1    1  9.66731E-01 0.00152 
   21   21    1    1     1     1     1    1    1    1  2.25420E+00 0.00099 
   22   22    1    1     1     1     1    1    1    1  3.59355E+00 0.00073 
   23   23    1    1     1     1     1    1    1    1  4.63353E+00 0.00055 
   24   24    1    1     1     1     1    1    1    1  6.11240E+00 0.00044 
   25   25    1    1     1     1     1    1    1    1  7.76110E+00 0.00039 
   26   26    1    1     1     1     1    1    1    1  8.60598E+00 0.00039 
   27   27    1    1     1     1     1    1    1    1  6.78051E+00 0.00049 
   28   28    1    1     1     1     1    1    1    1  3.30204E+00 0.00054 
   29   29    1    1     1     1     1    1    1    1  1.96452E+00 0.00054 
   30   30    1    1     1     1     1    1    1    1  1.44904E+00 0.00062 
   31   31    1    1     1     1     1    1    1    1  7.65360E-01 0.00088 
   32   32    1    1     1     1     1    1    1    1  1.73243E-01 0.00190 
   33   33    1    1     1     1     1    1    1    1  1.00684E-02 0.00778 
];


DETfluxE = [
 1.00001E-11  1.00000E-07  5.00050E-08
 1.00000E-07  5.40000E-07  3.20000E-07
 5.40000E-07  4.00000E-06  2.27000E-06
 4.00000E-06  8.31529E-06  6.15764E-06
 8.31529E-06  1.37096E-05  1.10124E-05
 1.37096E-05  2.26033E-05  1.81564E-05
 2.26033E-05  4.01690E-05  3.13861E-05
 4.01690E-05  6.79040E-05  5.40365E-05
 6.79040E-05  9.16609E-05  7.97825E-05
 9.16609E-05  1.48625E-04  1.20143E-04
 1.48625E-04  3.04325E-04  2.26475E-04
 3.04325E-04  4.53999E-04  3.79162E-04
 4.53999E-04  7.48518E-04  6.01259E-04
 7.48518E-04  1.23410E-03  9.91308E-04
 1.23410E-03  2.03468E-03  1.63439E-03
 2.03468E-03  3.35463E-03  2.69465E-03
 3.35463E-03  5.53084E-03  4.44273E-03
 5.53084E-03  9.11882E-03  7.32483E-03
 9.11882E-03  1.50344E-02  1.20766E-02
 1.50344E-02  2.47875E-02  1.99110E-02
 2.47875E-02  4.08677E-02  3.28276E-02
 4.08677E-02  6.73795E-02  5.41236E-02
 6.73795E-02  1.11090E-01  8.92347E-02
 1.11090E-01  1.83156E-01  1.47123E-01
 1.83156E-01  3.01974E-01  2.42565E-01
 3.01974E-01  4.97871E-01  3.99922E-01
 4.97871E-01  8.20850E-01  6.59360E-01
 8.20850E-01  1.35335E+00  1.08710E+00
 1.35335E+00  2.23130E+00  1.79233E+00
 2.23130E+00  3.67879E+00  2.95505E+00
 3.67879E+00  6.06531E+00  4.87205E+00
 6.06531E+00  1.00000E+01  8.03265E+00
 1.00000E+01  1.96403E+01  1.48202E+01
];
