
DETflux = [
    1    1    1    1     1     1     1    1    1    1  0.00000E+00 0.00000 
    2    2    1    1     1     1     1    1    1    1  0.00000E+00 0.00000 
    3    3    1    1     1     1     1    1    1    1  0.00000E+00 0.00000 
    4    4    1    1     1     1     1    1    1    1  5.40964E-09 1.00000 
    5    5    1    1     1     1     1    1    1    1  0.00000E+00 0.00000 
    6    6    1    1     1     1     1    1    1    1  3.46189E-08 0.85768 
    7    7    1    1     1     1     1    1    1    1  1.99307E-07 0.51248 
    8    8    1    1     1     1     1    1    1    1  4.80090E-07 0.50702 
    9    9    1    1     1     1     1    1    1    1  3.67669E-07 0.50732 
   10   10    1    1     1     1     1    1    1    1  1.73166E-06 0.20707 
   11   11    1    1     1     1     1    1    1    1  4.71950E-06 0.15440 
   12   12    1    1     1     1     1    1    1    1  7.73566E-06 0.13215 
   13   13    1    1     1     1     1    1    1    1  1.83367E-05 0.08800 
   14   14    1    1     1     1     1    1    1    1  5.03389E-05 0.06024 
   15   15    1    1     1     1     1    1    1    1  1.42445E-04 0.04192 
   16   16    1    1     1     1     1    1    1    1  3.51460E-04 0.02678 
   17   17    1    1     1     1     1    1    1    1  9.01250E-04 0.01768 
   18   18    1    1     1     1     1    1    1    1  2.49246E-03 0.01221 
   19   19    1    1     1     1     1    1    1    1  6.24231E-03 0.00796 
   20   20    1    1     1     1     1    1    1    1  1.56081E-02 0.00546 
   21   21    1    1     1     1     1    1    1    1  3.79043E-02 0.00360 
   22   22    1    1     1     1     1    1    1    1  8.51624E-02 0.00249 
   23   23    1    1     1     1     1    1    1    1  1.79726E-01 0.00168 
   24   24    1    1     1     1     1    1    1    1  3.33845E-01 0.00124 
   25   25    1    1     1     1     1    1    1    1  5.57941E-01 0.00091 
   26   26    1    1     1     1     1    1    1    1  8.28621E-01 0.00073 
   27   27    1    1     1     1     1    1    1    1  1.04444E+00 0.00063 
   28   28    1    1     1     1     1    1    1    1  1.11585E+00 0.00057 
   29   29    1    1     1     1     1    1    1    1  1.07142E+00 0.00054 
   30   30    1    1     1     1     1    1    1    1  8.81524E-01 0.00059 
   31   31    1    1     1     1     1    1    1    1  4.60737E-01 0.00086 
   32   32    1    1     1     1     1    1    1    1  1.05564E-01 0.00187 
   33   33    1    1     1     1     1    1    1    1  6.10662E-03 0.00756 
];


DETfluxE = [
 1.00001E-11  1.00000E-07  5.00050E-08
 1.00000E-07  5.40000E-07  3.20000E-07
 5.40000E-07  4.00000E-06  2.27000E-06
 4.00000E-06  8.31529E-06  6.15764E-06
 8.31529E-06  1.37096E-05  1.10124E-05
 1.37096E-05  2.26033E-05  1.81564E-05
 2.26033E-05  4.01690E-05  3.13861E-05
 4.01690E-05  6.79040E-05  5.40365E-05
 6.79040E-05  9.16609E-05  7.97825E-05
 9.16609E-05  1.48625E-04  1.20143E-04
 1.48625E-04  3.04325E-04  2.26475E-04
 3.04325E-04  4.53999E-04  3.79162E-04
 4.53999E-04  7.48518E-04  6.01259E-04
 7.48518E-04  1.23410E-03  9.91308E-04
 1.23410E-03  2.03468E-03  1.63439E-03
 2.03468E-03  3.35463E-03  2.69465E-03
 3.35463E-03  5.53084E-03  4.44273E-03
 5.53084E-03  9.11882E-03  7.32483E-03
 9.11882E-03  1.50344E-02  1.20766E-02
 1.50344E-02  2.47875E-02  1.99110E-02
 2.47875E-02  4.08677E-02  3.28276E-02
 4.08677E-02  6.73795E-02  5.41236E-02
 6.73795E-02  1.11090E-01  8.92347E-02
 1.11090E-01  1.83156E-01  1.47123E-01
 1.83156E-01  3.01974E-01  2.42565E-01
 3.01974E-01  4.97871E-01  3.99922E-01
 4.97871E-01  8.20850E-01  6.59360E-01
 8.20850E-01  1.35335E+00  1.08710E+00
 1.35335E+00  2.23130E+00  1.79233E+00
 2.23130E+00  3.67879E+00  2.95505E+00
 3.67879E+00  6.06531E+00  4.87205E+00
 6.06531E+00  1.00000E+01  8.03265E+00
 1.00000E+01  1.96403E+01  1.48202E+01
];
